2
8	0.000007	1.423611	0.221323
16	0.000003	1.527422	0.117512
32	0.000011	1.584347	0.060588
64	0.000002	1.614167	0.030767
128	0.000003	1.629431	0.015504
256	0.000003	1.637152	0.007782
512	0.000005	1.641035	0.003899
1024	0.000031	1.642983	0.001951
2048	0.000024	1.643958	0.000976
4096	0.000038	1.644446	0.000488
8192	0.000071	1.644690	0.000244
16384	0.000140	1.644812	0.000122
4
8	0.000010	1.491389	0.153545
16	0.000009	1.564977	0.079957
32	0.000004	1.604123	0.040811
64	0.000002	1.624316	0.020618
128	0.000004	1.634571	0.010363
256	0.000008	1.639739	0.005195
512	0.000005	1.642333	0.002601
1024	0.000010	1.643633	0.001301
2048	0.000058	1.644283	0.000651
4096	0.000048	1.644609	0.000325
8192	0.000070	1.644771	0.000163
16384	0.000136	1.644853	0.000081
8
8	0.000033	1.511797	0.133137
16	0.000071	1.575996	0.068938
32	0.000050	1.609850	0.035084
64	0.000042	1.627235	0.017699
128	0.000041	1.636045	0.008889
256	0.000042	1.640480	0.004454
512	0.000039	1.642704	0.002230
1024	0.000053	1.643819	0.001115
2048	0.000046	1.644376	0.000558
4096	0.000157	1.644655	0.000279
8192	0.000124	1.644795	0.000139
16384	0.000165	1.644864	0.000070
