p	omp	mpi	runtime	error
288	12	24	157.365175	1.876114e-09
192	8	24	164.257942	1.876114e-09
144	6	24	158.592166	1.876114e-09
96	4	24	158.667709	1.876114e-09
72	3	24	154.638378	1.876114e-09
216	12	18	153.234946	1.876114e-09
144	8	18	150.962389	1.876114e-09
108	6	18	151.793586	1.876114e-09
72	4	18	146.502481	1.876114e-09
54	3	18	146.009243	1.876114e-09
144	12	12	149.740770	1.876114e-09
96	8	12	148.029205	1.876114e-09
72	6	12	147.167745	1.876114e-09
48	4	12	145.301737	1.876114e-09
36	3	12	143.360202	1.876114e-09
72	12	6	157.268637	1.876114e-09
48	8	6	153.630168	1.876114e-09
36	6	6	153.733214	1.876114e-09
24	4	6	154.214797	1.876114e-09
18	3	6	162.046432	1.876114e-09
36	1	36	136.474492	1.876114e-09
36	2	18	141.108449	1.876114e-09
36	4	9	147.304511	1.876114e-09
