omp	mpi	runtime	error
12	24	38.042613	9.804214e-09
8	24	37.451174	9.804214e-09
6	24	39.053992	9.804214e-09
4	24	38.525098	9.804214e-09
3	24	38.217664	9.804214e-09
12	18	37.084081	9.804214e-09
8	18	36.717456	9.804214e-09
6	18	36.501376	9.804214e-09
4	18	36.491077	9.804214e-09
3	18	35.932689	9.804214e-09
12	12	36.175115	9.804214e-09
8	12	36.366389	9.804214e-09
6	12	36.999095	9.804214e-09
4	12	35.912295	9.804214e-09
3	12	35.749272	9.804214e-09
12	6	39.196334	9.804214e-09
8	6	38.450288	9.804214e-09
6	6	38.585107	9.804214e-09
4	6	38.258270	9.804214e-09
3	6	39.804602	9.804214e-09
