omp	mpi	runtime	error
12	24	37.194863	9.804214e-09
8	24	38.024671	9.804214e-09
6	24	40.657348	9.804214e-09
4	24	38.714785	9.804214e-09
3	24	38.491726	9.804214e-09
12	18	37.228220	9.804214e-09
8	18	36.527108	9.804214e-09
6	18	37.100129	9.804214e-09
4	18	35.908786	9.804214e-09
3	18	37.349490	9.804214e-09
12	12	36.969910	9.804214e-09
8	12	36.692658	9.804214e-09
6	12	36.239130	9.804214e-09
4	12	35.775965	9.804214e-09
3	12	35.882905	9.804214e-09
12	6	39.418176	9.804214e-09
8	6	38.532205	9.804214e-09
6	6	38.256504	9.804214e-09
4	6	38.535820	9.804214e-09
3	6	39.581222	9.804214e-09
