omp	mpi	runtime	error
12	24	37.485777	9.804214e-09
8	24	37.395225	9.804214e-09
6	24	39.237474	9.804214e-09
4	24	38.418197	9.804214e-09
3	24	36.490158	9.804214e-09
12	18	36.939078	9.804214e-09
8	18	36.687042	9.804214e-09
6	18	37.829975	9.804214e-09
4	18	36.950116	9.804214e-09
3	18	35.535303	9.804214e-09
12	12	37.278113	9.804214e-09
8	12	36.518502	9.804214e-09
6	12	36.461445	9.804214e-09
4	12	36.168039	9.804214e-09
3	12	35.879597	9.804214e-09
12	6	39.158830	9.804214e-09
8	6	38.480236	9.804214e-09
6	6	38.623255	9.804214e-09
4	6	38.609506	9.804214e-09
3	6	39.844905	9.804214e-09
